variant	sample	allele	key	value
Deletion::1:145,092,949-145,097,090(4141)	1	alt	count	90
Deletion::1:145,092,949-145,097,090(4141)	1	amb	count	625
Deletion::1:145,092,949-145,097,090(4141)	1	ref	count	67
Deletion::1:145,092,949-145,097,090(4141)	1	alt	reason_alignmentScore	90
Deletion::1:145,092,949-145,097,090(4141)	1	amb	reason_alignmentScore_alignmentScore	57
Deletion::1:145,092,949-145,097,090(4141)	1	amb	reason_same_scores	568
Deletion::1:145,092,949-145,097,090(4141)	1	ref	reason_alignmentScore	67
Deletion::1:145,092,949-145,097,090(4141)	1	alt	alnScore_mean	12131.2777778
Deletion::1:145,092,949-145,097,090(4141)	1	alt	alnScore_std	5831.78227956
Deletion::1:145,092,949-145,097,090(4141)	1	amb	alnScore_mean	7261.8976
Deletion::1:145,092,949-145,097,090(4141)	1	amb	alnScore_std	3754.59132891
Deletion::1:145,092,949-145,097,090(4141)	1	ref	alnScore_mean	10053.3134328
Deletion::1:145,092,949-145,097,090(4141)	1	ref	alnScore_std	5543.44850429
Deletion::1:145,092,949-145,097,090(4141)	1	alt	insertSize_mean	6136.24444444
Deletion::1:145,092,949-145,097,090(4141)	1	alt	insertSize_std	2929.53130233
Deletion::1:145,092,949-145,097,090(4141)	1	amb	insertSize_mean	3661.0304
Deletion::1:145,092,949-145,097,090(4141)	1	amb	insertSize_std	1889.79873655
Deletion::1:145,092,949-145,097,090(4141)	1	ref	insertSize_mean	5064.46268657
Deletion::1:145,092,949-145,097,090(4141)	1	ref	insertSize_std	2794.32270024
Deletion::1:158,867,534-158,870,025(2491)	1	alt	count	33
Deletion::1:158,867,534-158,870,025(2491)	1	amb	count	115
Deletion::1:158,867,534-158,870,025(2491)	1	ref	count	1
Deletion::1:158,867,534-158,870,025(2491)	1	alt	reason_alignmentScore	33
Deletion::1:158,867,534-158,870,025(2491)	1	amb	reason_alignmentScore_alignmentScore	6
Deletion::1:158,867,534-158,870,025(2491)	1	amb	reason_same_scores	109
Deletion::1:158,867,534-158,870,025(2491)	1	ref	reason_alignmentScore	1
Deletion::1:158,867,534-158,870,025(2491)	1	alt	alnScore_mean	8439.87878788
Deletion::1:158,867,534-158,870,025(2491)	1	alt	alnScore_std	4073.57613538
Deletion::1:158,867,534-158,870,025(2491)	1	amb	alnScore_mean	6446.77391304
Deletion::1:158,867,534-158,870,025(2491)	1	amb	alnScore_std	2769.11281998
Deletion::1:158,867,534-158,870,025(2491)	1	ref	alnScore_mean	5027.0
Deletion::1:158,867,534-158,870,025(2491)	1	ref	alnScore_std	0.0
Deletion::1:158,867,534-158,870,025(2491)	1	alt	insertSize_mean	4366.42424242
Deletion::1:158,867,534-158,870,025(2491)	1	alt	insertSize_std	2072.45864864
Deletion::1:158,867,534-158,870,025(2491)	1	amb	insertSize_mean	3252.02608696
Deletion::1:158,867,534-158,870,025(2491)	1	amb	insertSize_std	1400.26586582
Deletion::1:158,867,534-158,870,025(2491)	1	ref	insertSize_mean	2639.0
Deletion::1:158,867,534-158,870,025(2491)	1	ref	insertSize_std	0.0