variant	sample	allele	key	value
Insertion::6:104,715,078;len=760	6	alt	count	1
Insertion::6:104,715,078;len=760	6	amb	count	148
Insertion::6:104,715,078;len=760	6	ref	count	7
Insertion::6:104,715,078;len=760	6	alt	reason_alignmentScore	1
Insertion::6:104,715,078;len=760	6	amb	reason_alignmentScore_alignmentScore	42
Insertion::6:104,715,078;len=760	6	amb	reason_same_scores	106
Insertion::6:104,715,078;len=760	6	ref	reason_alignmentScore	7
Insertion::6:104,715,078;len=760	6	alt	alnScore_mean	5807.0
Insertion::6:104,715,078;len=760	6	alt	alnScore_std	0.0
Insertion::6:104,715,078;len=760	6	amb	alnScore_mean	3184.13513514
Insertion::6:104,715,078;len=760	6	amb	alnScore_std	2301.5824951
Insertion::6:104,715,078;len=760	6	ref	alnScore_mean	6208.28571429
Insertion::6:104,715,078;len=760	6	ref	alnScore_std	6508.65873201
Insertion::6:104,715,078;len=760	6	alt	insertSize_mean	3908.0
Insertion::6:104,715,078;len=760	6	alt	insertSize_std	0.0
Insertion::6:104,715,078;len=760	6	amb	insertSize_mean	2160.17567568
Insertion::6:104,715,078;len=760	6	amb	insertSize_std	1547.94404063
Insertion::6:104,715,078;len=760	6	ref	insertSize_mean	3986.85714286
Insertion::6:104,715,078;len=760	6	ref	insertSize_std	3926.53774894
Insertion::6:115,109,883;len=1274	6	alt	count	6
Insertion::6:115,109,883;len=1274	6	amb	count	156
Insertion::6:115,109,883;len=1274	6	ref	count	15
Insertion::6:115,109,883;len=1274	6	alt	reason_alignmentScore	6
Insertion::6:115,109,883;len=1274	6	amb	reason_alignmentScore_alignmentScore	42
Insertion::6:115,109,883;len=1274	6	amb	reason_same_scores	114
Insertion::6:115,109,883;len=1274	6	ref	reason_alignmentScore	15
Insertion::6:115,109,883;len=1274	6	alt	alnScore_mean	8339.16666667
Insertion::6:115,109,883;len=1274	6	alt	alnScore_std	3688.00584854
Insertion::6:115,109,883;len=1274	6	amb	alnScore_mean	3229.22435897
Insertion::6:115,109,883;len=1274	6	amb	alnScore_std	2565.16501337
Insertion::6:115,109,883;len=1274	6	ref	alnScore_mean	6313.33333333
Insertion::6:115,109,883;len=1274	6	ref	alnScore_std	4091.56342843
Insertion::6:115,109,883;len=1274	6	alt	insertSize_mean	5300.33333333
Insertion::6:115,109,883;len=1274	6	alt	insertSize_std	2176.52411478
Insertion::6:115,109,883;len=1274	6	amb	insertSize_mean	2169.03205128
Insertion::6:115,109,883;len=1274	6	amb	insertSize_std	1658.53436774
Insertion::6:115,109,883;len=1274	6	ref	insertSize_mean	3932.2
Insertion::6:115,109,883;len=1274	6	ref	insertSize_std	2576.38056713
Insertion::6:166,698,833;len=1470	6	alt	count	16
Insertion::6:166,698,833;len=1470	6	amb	count	168
Insertion::6:166,698,833;len=1470	6	ref	count	10
Insertion::6:166,698,833;len=1470	6	alt	reason_alignmentScore	16
Insertion::6:166,698,833;len=1470	6	amb	reason_alignmentScore_alignmentScore	46
Insertion::6:166,698,833;len=1470	6	amb	reason_same_scores	122
Insertion::6:166,698,833;len=1470	6	ref	reason_alignmentScore	10
Insertion::6:166,698,833;len=1470	6	alt	alnScore_mean	2305.6875
Insertion::6:166,698,833;len=1470	6	alt	alnScore_std	1744.20761804
Insertion::6:166,698,833;len=1470	6	amb	alnScore_mean	2600.43452381
Insertion::6:166,698,833;len=1470	6	amb	alnScore_std	2051.22725936
Insertion::6:166,698,833;len=1470	6	ref	alnScore_mean	4448.2
Insertion::6:166,698,833;len=1470	6	ref	alnScore_std	1832.88438261
Insertion::6:166,698,833;len=1470	6	alt	insertSize_mean	1557.625
Insertion::6:166,698,833;len=1470	6	alt	insertSize_std	1197.23999657
Insertion::6:166,698,833;len=1470	6	amb	insertSize_mean	1765.18452381
Insertion::6:166,698,833;len=1470	6	amb	insertSize_std	1336.80218396
Insertion::6:166,698,833;len=1470	6	ref	insertSize_mean	2857.8
Insertion::6:166,698,833;len=1470	6	ref	insertSize_std	1264.08676917